0332+5434  26-Jan-25       0.00   60701.00000000000            26.764100  0.000  0.000
      -120914.129876    1.399541538720 CCERA  360    4  1420.400                
 -1.91621393456632164e-05 -6.37949659930962549e-03 -1.31189021841817416e-07
 -1.19090169114556698e-11
0332+5434  26-Jan-25   60000.00   60701.25000000000            26.764100  0.000  0.000
       -90687.915124    1.399541538720 CCERA  360    4  1420.400                
 -8.72056823506741330e-07 -6.45133668943747175e-03 -2.85325221151568999e-08
  1.62723920521381578e-10
0332+5434  26-Jan-25  120000.00   60701.50000000000            26.764100  0.000  0.000
       -60459.693276    1.399541538720 CCERA  360    4  1420.400                
  1.98942549620467276e-05 -6.41687743353427670e-03  8.96037202503075694e-08
  1.08234022420524186e-11
0332+5434  26-Jan-25  180000.00   60701.75000000000            26.764100  0.000  0.000
       -30231.490370    1.399541538720 CCERA  360    4  1420.400                
  1.67227996343353996e-06 -6.37532948132103240e-03 -1.37284362745549556e-08
 -1.62500563268810127e-10
0332+5434  27-Jan-25       0.00   60702.00000000000            26.764100  0.000  0.000
           -3.283644    1.399541538720 CCERA  360    4  1420.400                
 -1.98465584991551089e-05 -6.43989577692433667e-03 -1.30632873389173382e-07
 -9.10698251597149999e-12
0332+5434  27-Jan-25   60000.00   60702.25000000000            26.764100  0.000  0.000
        30225.047342    1.399541538720 CCERA  360    4  1420.400                
 -8.18624860768232475e-07 -6.51039025087569653e-03 -2.59499389408836262e-08
  1.62899525882082895e-10
0332+5434  27-Jan-25  120000.00   60702.50000000000            26.764100  0.000  0.000
        60452.804540    1.399541538720 CCERA  360    4  1420.400                
  1.97085339867638218e-05 -6.47447015338557634e-03  9.04014711277061958e-08
  8.02862243395281241e-12
0332+5434  27-Jan-25  180000.00   60702.75000000000            26.764100  0.000  0.000
        90680.580883    1.399541538720 CCERA  360    4  1420.400                
  7.95132015657640090e-07 -6.43328617312655723e-03 -1.49323031897288007e-08
 -1.62643341189300131e-10
0332+5434  28-Jan-25       0.00   60703.00000000000            26.764100  0.000  0.000
       120908.353166    1.399541538720 CCERA  360    4  1420.400                
 -1.90363671809486357e-05 -6.49830913544561899e-03 -1.30025157236333325e-07
 -6.30212067783557736e-12
